1.0
1.3137625608381438
2.255050243352575
3.4598984769710475
5.066362788462342
6.640697813723813
8.472067128823891
10.122227269587752
11.93688935584832
13.507060425614407
15.182512740498387
16.598677088890454
18.082221434157976
19.317570508122316
20.596042780086947
21.649869300218857
22.731294667070955
23.616306130191166
24.518980855212295
25.253838183797853
26.0
1.5601451248008358
97.87527614312589
111.01982781813521
434.33128429745904
329.4354935190666
922.4822910444991
584.3615890013946
1382.3501904580078
787.7774916894276
1700.2344334892075
906.5593940036476
1850.3141398728048
943.7518305186647
1856.9085732929598
918.2635762236472
1761.6122951367051
851.947587392277
1605.0562860574648
763.5837963749394
1419.5668699113037
583.1295314913397
2.1202902496016716
63.219227185833844
69.68978219983921
257.73561118914887
191.39404591654983
526.6367962992597
330.4205033457614
775.9027070521072
440.0090129100815
946.1022912879603
503.03941801761164
1024.4940615619385
521.6238017412796
1024.937043034518
506.2518941581846
970.3166936924886
468.8825999105843
882.8060464711302
419.73920419313816
779.9736710043421
323.05067348870256
2.56840634944234
124.35520596730842
133.360794650205
464.7823488265162
336.88505335522564
907.7998524596195
562.8876464321571
1309.6557368437602
738.0805236294435
1579.3939292405119
836.7055340181298
1699.2433474719755
863.1875758503658
1693.0421134082476
834.9687555481113
1598.435197018491
771.5799561531397
1451.4991558109905
689.5995524041521
1280.6599150290833
528.5721019123499
3.0165224492830083
64.20574927236821
67.74958099163196
227.44296372417017
162.18087005937872
430.6680606438528
264.775678388169
611.8878402558446
343.24372844683074
731.8438796089442
386.6364463629365
783.5255344092238
397.31866953099495
778.2243263584011
383.3483694702105
733.1881727659099
353.624137386893
664.8056290636217
315.65718094129426
585.9327395860944
241.50801306815805
3.375015329155543
125.87106585250969
131.4477505971112
430.35678066840745
303.3723500426728
797.145888486166
487.0340771255589
1119.8614172387038
626.008395907015
1331.0883000347208
701.7450865898104
1419.7659677274837
718.979693954965
1406.7708917656114
692.3347787538647
1323.2036267590204
637.7860677000147
1198.4185532845013
568.7592654734574
1055.362421056844
434.53949659418925
3.733508209028078
61.91935984939748
64.1033107441209
205.3667316222492
143.29041899089745
372.89685112247685
226.5101267024759
518.3650033101621
288.81257355885293
612.5043663440874
322.26142084048115
650.9689434273521
329.2267889346647
643.5143415023225
316.42260530230936
604.3327258703886
291.10815102049895
546.7321947051502
259.357594173076
481.0799872822826
197.87913648024292
4.020302512926106
117.58446937250872
121.00403399905564
381.74520156341487
264.37103674355814
683.0965549607721
413.13059608757845
942.0567035597887
523.554862007858
1108.117460278899
582.1196912720653
1174.450399621949
593.3787204597529
1158.912522077408
569.4580785648968
1087.014401659446
523.3629999375748
982.5551489543761
465.93837145081784
864.0240098269078
355.1079589164952
4.307096816824134
56.29053455573756
57.620982003838606
179.2772961092581
123.30159787648284
316.4694185667172
190.6094351168402
433.15903055569225
240.1493169599946
507.3022211757491
266.09858547247904
536.2302049178753
270.6594172660457
528.2097966678131
259.37418646655857
494.84678079718435
238.14017912741588
446.9138782948125
211.85845896726877
392.7576190183748
161.29385384064622
4.536532259942557
104.87565017993364
106.94456065286269
329.3704185489942
225.3676496888611
575.5203442386061
345.5466108778444
783.1926074999286
433.40270258694505
914.1719331838704
478.9588710977979
964.2883999791267
486.3477541570951
948.5673352074552
465.5442264114596
887.8204814889647
427.09625324769337
801.2891152126366
379.7465109667667
703.8490145696398
288.8712385835265
4.765967703060979
49.35565751735569
50.15331898449377
153.0115398066863
104.18960641878724
264.7927749613684
158.50440169658546
358.3461223053843
197.9429787602536
416.91296292488545
218.18411561003364
438.8753960469159
221.18544492855364
431.1427643524744
211.49045459707577
403.1610087023376
193.87448462099945
363.62910105553686
172.2850926962805
319.25801789798834
130.94903165266163
4.9495160575557176
90.817687940349
92.04610193257184
278.8398595100613
189.17144473923656
479.00385956364886
286.06425446724296
645.464322577254
356.039802377157
749.0514441219364
391.6554924495142
787.2566913634884
396.5308611108319
772.5737513951558
378.8211498073149
721.9101196945602
347.05674870868654
650.788089641643
308.2745296093686
571.1622879489838
234.15930859505386
5.133064412050455
42.25139313243377
42.718836551715434
128.54664171371857
86.90261513028003
219.26925363819035
130.6543076632496
294.24099247522105
162.08143913123726
340.6159293698326
177.94265071653612
357.4307053896105
179.9294190569075
350.4021647736599
171.74667114892262
327.1903007632315
157.25148614101798
294.8059998330457
139.61900249140524
258.6396448356938
105.98415241341971
5.279903095646246
77.08113774193318
77.79077172868587
232.891743397477
157.018643783799
395.0991415214764
235.01266166336436
528.4740094712575
290.7951316985768
610.5780497454228
318.7569671252219
639.9339747741067
321.9943898711622
626.8397263827934
307.14381179985776
584.9864858377961
281.08843647768026
526.8748220950678
249.48510902248663
462.1029991868361
189.28733022209664
5.426741779242036
35.57190946178999
35.836625314442806
106.76525568675716
71.79468730119359
180.17382445878016
106.9879493664289
240.23381454395604
132.05046722373046
277.0275012750173
144.52714983947234
289.99601298501216
145.85141563852085
283.83402192558776
139.0320937007346
264.73559664343253
127.17840391709781
238.34254001912447
112.8413961271146
208.98098339960785
85.5712752691574
5.544212726118668
64.49818212288665
64.89110709985358
192.5981024232342
129.25106734219764
323.6927876943573
191.95333450802298
430.52484047905244
236.45261082884642
495.71805224298225
258.4824205261686
518.4294976966105
260.64812052572677
507.0914452768905
248.3306602904394
472.76255832279236
227.07429318899986
425.49624192036174
201.42199783238183
372.9932273991703
152.6841895191576
5.6616836729953
29.590836341167062
29.732696138314175
87.92608763150552
58.89021076702037
147.18444935789964
87.16764156407737
195.28530479598282
107.16697596697834
224.5242459986716
117.01245860197504
234.58973753894088
117.9021759623387
229.31508320873405
112.27191930080969
213.69782517576854
102.62414073642255
192.2725857130262
91.00668114745083
168.5091179395635
68.9587503519146
5.755660430496606
53.41183973312025
53.6143190986673
158.1006948699444
105.72799135546066
263.82685382089295
156.0863189199119
349.3770774405543
191.60465216387163
401.2180337602426
209.0111183895725
418.8922815987801
210.47216594301344
409.26974129073716
200.33851917670765
381.2650032358685
183.06970271558708
342.95467945264176
162.3113010591124
300.5135118711305
122.95011983386637
5.849637187997912
20.588147583560787
20.585692035273414
60.63456191321122
40.50975050298794
100.98520515519276
59.70675680994279
133.5709115210039
73.22306947155985
153.2777657328039
79.82795167396212
159.95484586908037
80.35517802228797
156.23145886377182
76.46638966605411
145.50944570909445
69.86231466634872
130.86793124379815
61.93235519852218
114.65971143773275
51.83397217706889
5.924818593998957
87.6904212102909
88.36797939511939
258.6359795767061
172.35805661941782
428.5409784611561
252.93933688201867
565.0212846871169
309.40977678722993
647.1190196271708
336.78950067830624
674.4650387824207
338.6674632084084
658.2137321597856
322.0536048554263
612.6843933664552
294.09501832868136
550.8048107232926
260.6201964908672
482.43905657886404
157.83761380807894
6.000000000000001
6.3137625608381445
7.255050243352576
8.459898476971048
10.066362788462342
11.640697813723815
13.472067128823891
15.122227269587754
16.936889355848322
18.50706042561441
20.18251274049839
21.598677088890454
23.082221434157976
24.317570508122316
25.596042780086947
26.649869300218857
27.731294667070955
28.616306130191166
29.518980855212295
30.253838183797853
31.0
