0.08486277426963895 3.316424322803619
1.7745691603568592 1.468266360763788
4.488728378889136 2.9516763772475265
1.5150464512417754 1.8200401542502642
1.0374278073815513 1.160525459739804
4.914985039102955 3.877053190300389
0.6310604233027878 0.5835007291478606
0.10396929296930923 1.1978015068342014
3.139428532556463 0.9415578083876197
3.856813243464879 4.011578105921456
2.521415075324856 3.7991747657913333
3.79797967703634 1.2156468974092753
0.6773246002854205 2.2166825081895345
1.8058337902779542 4.375327833385593
4.68309095403976 0.7033500829712158
2.396389966112369 1.8732343326864587
3.7763279802384373 0.26847081320912847
3.816248080541496 2.6028406437117897
2.9955834013209186 3.5723367685297687
3.271443150770215 2.1441091482184222
