0.0 0.0
1.1202902496016713 0.0
2.0165224492830083 0.0
2.733508209028078 0.0
3.307096816824134 0.0
3.765967703060979 0.0
4.133064412050455 0.0
4.426741779242036 0.0
4.6616836729953 0.0
4.849637187997912 0.0
5.0 0.0
0.0 1.1202902496016713
1.1202902496016713 1.1202902496016713
2.0165224492830083 1.1202902496016713
2.733508209028078 1.1202902496016713
3.307096816824134 1.1202902496016713
3.765967703060979 1.1202902496016713
4.133064412050455 1.1202902496016713
4.426741779242036 1.1202902496016713
4.6616836729953 1.1202902496016713
4.849637187997912 1.1202902496016713
5.0 1.1202902496016713
0.0 2.0165224492830083
1.1202902496016713 2.0165224492830083
2.0165224492830083 2.0165224492830083
2.733508209028078 2.0165224492830083
3.307096816824134 2.0165224492830083
3.765967703060979 2.0165224492830083
4.133064412050455 2.0165224492830083
4.426741779242036 2.0165224492830083
4.6616836729953 2.0165224492830083
4.849637187997912 2.0165224492830083
5.0 2.0165224492830083
0.0 2.733508209028078
1.1202902496016713 2.733508209028078
2.0165224492830083 2.733508209028078
2.733508209028078 2.733508209028078
3.307096816824134 2.733508209028078
3.765967703060979 2.733508209028078
4.133064412050455 2.733508209028078
4.426741779242036 2.733508209028078
4.6616836729953 2.733508209028078
4.849637187997912 2.733508209028078
5.0 2.733508209028078
0.0 3.307096816824134
1.1202902496016713 3.307096816824134
2.0165224492830083 3.307096816824134
2.733508209028078 3.307096816824134
3.307096816824134 3.307096816824134
3.765967703060979 3.307096816824134
4.133064412050455 3.307096816824134
4.426741779242036 3.307096816824134
4.6616836729953 3.307096816824134
4.849637187997912 3.307096816824134
5.0 3.307096816824134
0.0 3.765967703060979
1.1202902496016713 3.765967703060979
2.0165224492830083 3.765967703060979
2.733508209028078 3.765967703060979
3.307096816824134 3.765967703060979
3.765967703060979 3.765967703060979
4.133064412050455 3.765967703060979
4.426741779242036 3.765967703060979
4.6616836729953 3.765967703060979
4.849637187997912 3.765967703060979
5.0 3.765967703060979
0.0 4.133064412050455
1.1202902496016713 4.133064412050455
2.0165224492830083 4.133064412050455
2.733508209028078 4.133064412050455
3.307096816824134 4.133064412050455
3.765967703060979 4.133064412050455
4.133064412050455 4.133064412050455
4.426741779242036 4.133064412050455
4.6616836729953 4.133064412050455
4.849637187997912 4.133064412050455
5.0 4.133064412050455
0.0 4.426741779242036
1.1202902496016713 4.426741779242036
2.0165224492830083 4.426741779242036
2.733508209028078 4.426741779242036
3.307096816824134 4.426741779242036
3.765967703060979 4.426741779242036
4.133064412050455 4.426741779242036
4.426741779242036 4.426741779242036
4.6616836729953 4.426741779242036
4.849637187997912 4.426741779242036
5.0 4.426741779242036
0.0 4.6616836729953
1.1202902496016713 4.6616836729953
2.0165224492830083 4.6616836729953
2.733508209028078 4.6616836729953
3.307096816824134 4.6616836729953
3.765967703060979 4.6616836729953
4.133064412050455 4.6616836729953
4.426741779242036 4.6616836729953
4.6616836729953 4.6616836729953
4.849637187997912 4.6616836729953
5.0 4.6616836729953
0.0 4.849637187997912
1.1202902496016713 4.849637187997912
2.0165224492830083 4.849637187997912
2.733508209028078 4.849637187997912
3.307096816824134 4.849637187997912
3.765967703060979 4.849637187997912
4.133064412050455 4.849637187997912
4.426741779242036 4.849637187997912
4.6616836729953 4.849637187997912
4.849637187997912 4.849637187997912
5.0 4.849637187997912
0.0 5.000000000000001
1.1202902496016713 5.000000000000001
2.0165224492830083 5.000000000000001
2.733508209028078 5.000000000000001
3.307096816824134 5.000000000000001
3.765967703060979 5.000000000000001
4.133064412050455 5.000000000000001
4.426741779242036 5.000000000000001
4.6616836729953 5.000000000000001
4.849637187997912 5.000000000000001
5.0 5.000000000000001
