0.0 0.0 1.0
0.5601451248008357 0.0 1.3137625608381438
1.1202902496016713 0.0 2.255050243352575
1.56840634944234 0.0 3.4598984769710484
2.0165224492830083 0.0 5.066362788462344
2.375015329155543 0.0 6.640697813723811
2.733508209028078 0.0 8.472067128823891
3.020302512926106 0.0 10.122227269587752
3.307096816824134 0.0 11.936889355848324
3.5365322599425566 0.0 13.507060425614402
3.765967703060979 0.0 15.182512740498384
3.949516057555717 0.0 16.59867708889046
4.133064412050455 0.0 18.08222143415797
4.279903095646246 0.0 19.317570508122312
4.426741779242036 0.0 20.596042780086947
4.544212726118668 0.0 21.649869300218846
4.6616836729953 0.0 22.731294667070962
4.755660430496606 0.0 23.61630613019117
4.849637187997912 0.0 24.518980855212288
4.924818593998956 0.0 25.253838183797843
5.0 0.0 25.999999999999996
0.0 0.5601451248008357 1.5601451248008347
0.5601451248008357 0.5601451248008357 1.8739076856404937
1.1202902496016713 0.5601451248008357 2.815195368154718
1.56840634944234 0.5601451248008357 4.0200436017729775
2.0165224492830083 0.5601451248008357 5.626507913264152
2.375015329155543 0.5601451248008357 7.200842938525062
2.733508209028078 0.5601451248008357 9.032212253625026
3.020302512926106 0.5601451248008357 10.682372394388839
3.307096816824134 0.5601451248008357 12.497034480649592
3.5365322599425566 0.5601451248008357 14.067205550415734
3.765967703060979 0.5601451248008357 15.74265786529986
3.949516057555717 0.5601451248008357 17.158822213691757
4.133064412050455 0.5601451248008357 18.642366558959086
4.279903095646246 0.5601451248008357 19.877715632923223
4.426741779242036 0.5601451248008357 21.156187904887634
4.544212726118668 0.5601451248008357 22.210014425019423
4.6616836729953 0.5601451248008357 23.291439791871575
4.755660430496606 0.5601451248008357 24.176451254991726
4.849637187997912 0.5601451248008357 25.079125980012996
4.924818593998956 0.5601451248008357 25.813983308598683
5.0 0.5601451248008357 26.560145124800943
0.0 1.1202902496016713 2.1202902496016702
0.5601451248008357 1.1202902496016713 2.4340528104425956
1.1202902496016713 1.1202902496016713 3.375340492956025
1.56840634944234 1.1202902496016713 4.580188726573875
2.0165224492830083 1.1202902496016713 6.186653038065035
2.375015329155543 1.1202902496016713 7.7609880633262245
2.733508209028078 1.1202902496016713 9.592357378426241
3.020302512926106 1.1202902496016713 11.242517519190262
3.307096816824134 1.1202902496016713 13.057179605450752
3.5365322599425566 1.1202902496016713 14.627350675216885
3.765967703060979 1.1202902496016713 16.302802990100634
3.949516057555717 1.1202902496016713 17.71896733849279
4.133064412050455 1.1202902496016713 19.202511683760317
4.279903095646246 1.1202902496016713 20.43786075772436
4.426741779242036 1.1202902496016713 21.71633302968908
4.544212726118668 1.1202902496016713 22.770159549821233
4.6616836729953 1.1202902496016713 23.85158491667327
4.755660430496606 1.1202902496016713 24.736596379793585
4.849637187997912 1.1202902496016713 25.639271104814554
4.924818593998956 1.1202902496016713 26.374128433400298
5.0 1.1202902496016713 27.120290249602082
0.0 1.56840634944234 2.5684063494423417
0.5601451248008357 1.5684063494423397 2.8821689102837165
1.1202902496016713 1.56840634944234 3.8234565927966564
1.56840634944234 1.5684063494423397 5.028304826414232
2.0165224492830083 1.56840634944234 6.634769137905609
2.375015329155543 1.5684063494423397 8.209104163166781
2.733508209028078 1.56840634944234 10.040473478266838
3.020302512926106 1.5684063494423397 11.690633619030438
3.307096816824134 1.56840634944234 13.505295705290811
3.5365322599425566 1.5684063494423397 15.075466775056803
3.765967703060979 1.56840634944234 16.750919089940645
3.949516057555717 1.5684063494423397 18.16708343833275
4.133064412050455 1.56840634944234 19.650627783600324
4.279903095646246 1.5684063494423397 20.885976857564764
4.426741779242036 1.56840634944234 22.16444912952944
4.544212726118668 1.5684063494423397 23.21827564966135
4.6616836729953 1.56840634944234 24.29970101651355
4.755660430496606 1.5684063494423397 25.184712479633628
4.849637187997912 1.56840634944234 26.087387204654625
4.924818593998956 1.5684063494423397 26.82224453324009
5.0 1.56840634944234 27.568406349442125
0.0 2.0165224492830083 3.0165224492830096
0.5601451248008357 2.0165224492830083 3.3302850101213815
1.1202902496016713 2.0165224492830083 4.27157269263478
1.56840634944234 2.0165224492830083 5.47642092625398
2.0165224492830083 2.0165224492830083 7.082885237745984
2.375015329155543 2.0165224492830083 8.657220263007103
2.733508209028078 2.0165224492830083 10.4885895781068
3.020302512926106 2.0165224492830083 12.138749718870706
3.307096816824134 2.0165224492830083 13.953411805131386
3.5365322599425566 2.0165224492830083 15.523582874897302
3.765967703060979 2.0165224492830083 17.199035189781164
3.949516057555717 2.0165224492830083 18.615199538173254
4.133064412050455 2.0165224492830083 20.09874388344097
4.279903095646246 2.0165224492830083 21.334092957405733
4.426741779242036 2.0165224492830083 22.61256522937101
4.544212726118668 2.0165224492830083 23.66639174950332
4.6616836729953 2.0165224492830083 24.747817116355577
4.755660430496606 2.0165224492830083 25.63282857947562
4.849637187997912 2.0165224492830083 26.535503304496824
4.924818593998956 2.0165224492830083 27.270360633082078
5.0 2.0165224492830083 28.016522449284203
0.0 2.375015329155543 3.3750153291555414
0.5601451248008357 2.375015329155543 3.688777889991757
1.1202902496016713 2.375015329155543 4.630065572506173
1.56840634944234 2.375015329155543 5.83491380612621
2.0165224492830083 2.375015329155543 7.4413781176186395
2.375015329155543 2.375015329155543 9.015713142879243
2.733508209028078 2.375015329155543 10.847082457978912
3.020302512926106 2.375015329155543 12.497242598742906
3.307096816824134 2.375015329155543 14.311904685003574
3.5365322599425566 2.375015329155543 15.882075754769907
3.765967703060979 2.375015329155543 17.55752806965375
3.949516057555717 2.375015329155543 18.973692418046
4.133064412050455 2.375015329155543 20.457236763313833
4.279903095646246 2.375015329155543 21.692585837278404
4.426741779242036 2.375015329155543 22.971058109243252
4.544212726118668 2.375015329155543 24.024884629375325
4.6616836729953 2.375015329155543 25.106309996227445
4.755660430496606 2.375015329155543 25.991321459347656
4.849637187997912 2.375015329155543 26.893996184368664
4.924818593998956 2.375015329155543 27.628853512954112
5.0 2.375015329155543 28.375015329156188
0.0 2.733508209028078 3.733508209028077
0.5601451248008357 2.733508209028078 4.047270769865601
1.1202902496016713 2.733508209028078 4.988558452379489
1.56840634944234 2.733508209028078 6.193406685999157
2.0165224492830083 2.733508209028078 7.799870997490625
2.375015329155543 2.733508209028078 9.374206022751736
2.733508209028078 2.733508209028078 11.205575337851398
3.020302512926106 2.733508209028078 12.855735478615411
3.307096816824134 2.733508209028078 14.67039756487637
3.5365322599425566 2.733508209028078 16.240568634642422
3.765967703060979 2.733508209028078 17.91602094952655
3.949516057555717 2.733508209028078 19.33218529791859
4.133064412050455 2.733508209028078 20.81572964318605
4.279903095646246 2.733508209028078 22.0510787171509
4.426741779242036 2.733508209028078 23.329550989115706
4.544212726118668 2.733508209028078 24.383377509247428
4.6616836729953 2.733508209028078 25.464802876099554
4.755660430496606 2.733508209028078 26.349814339219588
4.849637187997912 2.733508209028078 27.252489064240724
4.924818593998956 2.733508209028078 27.987346392826158
5.0 2.733508209028078 28.73350820902796
0.0 3.020302512926106 4.020302512926106
0.5601451248008357 3.020302512926106 4.3340650737652915
1.1202902496016713 3.020302512926106 5.275352756278958
1.56840634944234 3.020302512926106 6.480200989897477
2.0165224492830083 3.020302512926106 8.086665301388605
2.375015329155543 3.020302512926106 9.661000326649464
2.733508209028078 3.020302512926106 11.49236964174973
3.020302512926106 3.020302512926106 13.142529782513652
3.307096816824134 3.020302512926106 14.95719186877477
3.5365322599425566 3.020302512926106 16.52736293854091
3.765967703060979 3.020302512926106 18.202815253424827
3.949516057555717 3.020302512926106 19.61897960181698
4.133064412050455 3.020302512926106 21.102523947084144
4.279903095646246 3.020302512926106 22.337873021048186
4.426741779242036 3.020302512926106 23.616345293012788
4.544212726118668 3.020302512926106 24.670171813144616
4.6616836729953 3.020302512926106 25.751597179996633
4.755660430496606 3.020302512926106 26.63660864311666
4.849637187997912 3.020302512926106 27.53928336813803
4.924818593998956 3.020302512926106 28.274140696723713
5.0 3.020302512926106 29.020302512926033
0.0 3.307096816824134 4.3070968168241315
0.5601451248008357 3.307096816824134 4.6208593776661475
1.1202902496016713 3.307096816824134 5.56214706017538
1.56840634944234 3.307096816824134 6.766995293794958
2.0165224492830083 3.307096816824134 8.373459605286007
2.375015329155543 3.307096816824134 9.947794630547367
2.733508209028078 3.307096816824134 11.779163945647984
3.020302512926106 3.307096816824134 13.429324086412645
3.307096816824134 3.307096816824134 15.24398617267349
3.5365322599425566 3.307096816824134 16.814157242439897
3.765967703060979 3.307096816824134 18.489609557323448
3.949516057555717 3.307096816824134 19.90577390571533
4.133064412050455 3.307096816824134 21.389318250982043
4.279903095646246 3.307096816824134 22.62466732494589
4.426741779242036 3.307096816824134 23.90313959690991
4.544212726118668 3.307096816824134 24.956966117041546
4.6616836729953 3.307096816824134 26.038391483893367
4.755660430496606 3.307096816824134 26.923402947013304
4.849637187997912 3.307096816824134 27.826077672033865
4.924818593998956 3.307096816824134 28.560935000619487
5.0 3.307096816824134 29.307096816821787
0.0 3.5365322599425566 4.536532259942557
0.5601451248008357 3.5365322599425566 4.850294820785079
1.1202902496016713 3.5365322599425566 5.791582503293179
1.56840634944234 3.5365322599425566 6.996430736912029
2.0165224492830083 3.5365322599425566 8.602895048404257
2.375015329155543 3.5365322599425566 10.177230073665859
2.733508209028078 3.5365322599425566 12.00859938876711
3.020302512926106 3.5365322599425566 13.658759529531238
3.307096816824134 3.5365322599425566 15.473421615792404
3.5365322599425566 3.5365322599425566 17.04359268555841
3.765967703060979 3.5365322599425566 18.719045000442012
3.949516057555717 3.5365322599425566 20.135209348833573
4.133064412050455 3.5365322599425566 21.618753694100086
4.279903095646246 3.5365322599425566 22.854102768063733
4.426741779242036 3.5365322599425566 24.132575040027707
4.544212726118668 3.5365322599425566 25.186401560159524
4.6616836729953 3.5365322599425566 26.26782692701144
4.755660430496606 3.5365322599425566 27.152838390131766
4.849637187997912 3.5365322599425566 28.0555131151531
4.924818593998956 3.5365322599425566 28.790370443738787
5.0 3.5365322599425566 29.53653225994095
0.0 3.765967703060979 4.7659677030609835
0.5601451248008357 3.765967703060979 5.079730263906143
1.1202902496016713 3.765967703060979 6.021017946406688
1.56840634944234 3.765967703060979 7.225866180029486
2.0165224492830083 3.765967703060979 8.83233049152128
2.375015329155543 3.765967703060979 10.406665516784146
2.733508209028078 3.765967703060979 12.23803483188539
3.020302512926106 3.765967703060979 13.888194972649996
3.307096816824134 3.765967703060979 15.702857058910807
3.5365322599425566 3.765967703060979 17.273028128677016
3.765967703060979 3.765967703060979 18.94848044356021
3.949516057555717 3.765967703060979 20.364644791951832
4.133064412050455 3.765967703060979 21.848189137218622
4.279903095646246 3.765967703060979 23.0835382111825
4.426741779242036 3.765967703060979 24.362010483146836
4.544212726118668 3.765967703060979 25.41583700327865
4.6616836729953 3.765967703060979 26.497262370130773
4.755660430496606 3.765967703060979 27.382273833251507
4.849637187997912 3.765967703060979 28.284948558272994
4.924818593998956 3.765967703060979 29.01980588685923
5.0 3.765967703060979 29.76596770306204
0.0 3.949516057555717 4.949516057555719
0.5601451248008357 3.949516057555717 5.263278618399307
1.1202902496016713 3.949516057555717 6.204566300901763
1.56840634944234 3.949516057555717 7.409414534523484
2.0165224492830083 3.949516057555717 9.01587884601519
2.375015329155543 3.949516057555717 10.590213871278342
2.733508209028078 3.949516057555717 12.421583186380055
3.020302512926106 3.949516057555717 14.07174332714457
3.307096816824134 3.949516057555717 15.8864054134056
3.5365322599425566 3.949516057555717 17.45657648317156
3.765967703060979 3.949516057555717 19.13202879805498
3.949516057555717 3.949516057555717 20.548193146446312
4.133064412050455 3.949516057555717 22.03173749171346
4.279903095646246 3.949516057555717 23.267086565677648
4.426741779242036 3.949516057555717 24.545558837642332
4.544212726118668 3.949516057555717 25.599385357774548
4.6616836729953 3.949516057555717 26.6808107246269
4.755660430496606 3.949516057555717 27.565822187747713
4.849637187997912 3.949516057555717 28.468496912769297
4.924818593998956 3.949516057555717 29.20335424135506
5.0 3.949516057555717 29.949516057557314
0.0 4.133064412050455 5.133064412050454
0.5601451248008357 4.133064412050455 5.446826972894323
1.1202902496016713 4.133064412050455 6.38811465539384
1.56840634944234 4.133064412050455 7.592962889019198
2.0165224492830083 4.133064412050455 9.19942720050756
2.375015329155543 4.133064412050455 10.773762225772813
2.733508209028078 4.133064412050455 12.605131540874076
3.020302512926106 4.133064412050455 14.255291681639163
3.307096816824134 4.133064412050455 16.06995376789978
3.5365322599425566 4.133064412050455 17.640124837665713
3.765967703060979 4.133064412050455 19.315577152549434
3.949516057555717 4.133064412050455 20.731741500941045
4.133064412050455 4.133064412050455 22.21528584620841
4.279903095646246 4.133064412050455 23.4506349201726
4.426741779242036 4.133064412050455 24.72910719213789
4.544212726118668 4.133064412050455 25.782933712269905
4.6616836729953 4.133064412050455 26.864359079122867
4.755660430496606 4.133064412050455 27.74937054224315
4.849637187997912 4.133064412050455 28.65204526726462
4.924818593998956 4.133064412050455 29.386902595850607
5.0 4.133064412050455 30.133064412053322
0.0 4.279903095646246 5.279903095646245
0.5601451248008357 4.279903095646246 5.593665656485703
1.1202902496016713 4.279903095646246 6.53495333899443
1.56840634944234 4.279903095646246 7.7398015726152005
2.0165224492830083 4.279903095646246 9.346265884103836
2.375015329155543 4.279903095646246 10.920600909368142
2.733508209028078 4.279903095646246 12.751970224470075
3.020302512926106 4.279903095646246 14.402130365234656
3.307096816824134 4.279903095646246 16.216792451495415
3.5365322599425566 4.279903095646246 17.78696352126115
3.765967703060979 4.279903095646246 19.46241583614495
3.949516057555717 4.279903095646246 20.87858018453656
4.133064412050455 4.279903095646246 22.362124529803925
4.279903095646246 4.279903095646246 23.597473603768336
4.426741779242036 4.279903095646246 24.875945875733365
4.544212726118668 4.279903095646246 25.929772395865662
4.6616836729953 4.279903095646246 27.01119776271835
4.755660430496606 4.279903095646246 27.8962092258388
4.849637187997912 4.279903095646246 28.798883950859935
4.924818593998956 4.279903095646246 29.53374127944529
5.0 4.279903095646246 30.279903095646645
0.0 4.426741779242036 5.426741779242037
0.5601451248008357 4.426741779242036 5.740504340076492
1.1202902496016713 4.426741779242036 6.681792022593819
1.56840634944234 4.426741779242036 7.886640256212006
2.0165224492830083 4.426741779242036 9.493104567698829
2.375015329155543 4.426741779242036 11.06743959296406
2.733508209028078 4.426741779242036 12.898808908065549
3.020302512926106 4.426741779242036 14.548969048829987
3.307096816824134 4.426741779242036 16.363631135090902
3.5365322599425566 4.426741779242036 17.933802204856686
3.765967703060979 4.426741779242036 19.60925451974043
3.949516057555717 4.426741779242036 21.025418868132178
4.133064412050455 4.426741779242036 22.508963213399383
4.279903095646246 4.426741779242036 23.74431228736392
4.426741779242036 4.426741779242036 25.022784559328876
4.544212726118668 4.426741779242036 26.07661107946104
4.6616836729953 4.426741779242036 27.15803644631365
4.755660430496606 4.426741779242036 28.04304790943398
4.849637187997912 4.426741779242036 28.945722634455155
4.924818593998956 4.426741779242036 29.68057996304129
5.0 4.426741779242036 30.426741779244345
0.0 4.544212726118668 5.54421272611867
0.5601451248008357 4.544212726118668 5.857975286948785
1.1202902496016713 4.544212726118668 6.799262969473528
1.56840634944234 4.544212726118668 8.004111203088984
2.0165224492830083 4.544212726118668 9.610575514576423
2.375015329155543 4.544212726118668 11.18491053984055
2.733508209028078 4.544212726118668 13.016279854942608
3.020302512926106 4.544212726118668 14.666439995706392
3.307096816824134 4.544212726118668 16.48110208196732
3.5365322599425566 4.544212726118668 18.051273151733092
3.765967703060979 4.544212726118668 19.726725466616955
3.949516057555717 4.544212726118668 21.142889815008793
4.133064412050455 4.544212726118668 22.62643416027613
4.279903095646246 4.544212726118668 23.86178323424028
4.426741779242036 4.544212726118668 25.140255506205044
4.544212726118668 4.544212726118668 26.194082026337476
4.6616836729953 4.544212726118668 27.275507393189944
4.755660430496606 4.544212726118668 28.160518856310617
4.849637187997912 4.544212726118668 29.063193581332065
4.924818593998956 4.544212726118668 29.798050909917837
5.0 4.544212726118668 30.54421272612044
0.0 4.6616836729953 5.661683672995298
0.5601451248008357 4.6616836729953 5.975446233821811
1.1202902496016713 4.6616836729953 6.916733916352028
1.56840634944234 4.6616836729953 8.121582149966374
2.0165224492830083 4.6616836729953 9.728046461452708
2.375015329155543 4.6616836729953 11.302381486717593
2.733508209028078 4.6616836729953 13.133750801819128
3.020302512926106 4.6616836729953 14.78391094258281
3.307096816824134 4.6616836729953 16.59857302884377
3.5365322599425566 4.6616836729953 18.16874409860966
3.765967703060979 4.6616836729953 19.844196413493602
3.949516057555717 4.6616836729953 21.260360761885465
4.133064412050455 4.6616836729953 22.74390510715311
4.279903095646246 4.6616836729953 23.979254181116886
4.426741779242036 4.6616836729953 25.257726453081716
4.544212726118668 4.6616836729953 26.31155297321379
4.6616836729953 4.6616836729953 27.392978340066872
4.755660430496606 4.6616836729953 28.277989803187154
4.849637187997912 4.6616836729953 29.180664528208734
4.924818593998956 4.6616836729953 29.91552185679381
5.0 4.6616836729953 30.661683672995355
0.0 4.755660430496606 5.755660430496602
0.5601451248008357 4.755660430496606 6.069422991325873
1.1202902496016713 4.755660430496606 7.010710673848965
1.56840634944234 4.755660430496606 8.215558907468493
2.0165224492830083 4.755660430496606 9.822023218953357
2.375015329155543 4.755660430496606 11.396358244219275
2.733508209028078 4.755660430496606 13.227727559320472
3.020302512926106 4.755660430496606 14.87788770008394
3.307096816824134 4.755660430496606 16.692549786345282
3.5365322599425566 4.755660430496606 18.26272085611081
3.765967703060979 4.755660430496606 19.938173170994936
3.949516057555717 4.755660430496606 21.354337519386814
4.133064412050455 4.755660430496606 22.83788186465409
4.279903095646246 4.755660430496606 24.073230938618156
4.426741779242036 4.755660430496606 25.351703210582663
4.544212726118668 4.755660430496606 26.405529730714836
4.6616836729953 4.755660430496606 27.486955097567318
4.755660430496606 4.755660430496606 28.371966560687852
4.849637187997912 4.755660430496606 29.274641285709052
4.924818593998956 4.755660430496606 30.009498614294618
5.0 4.755660430496606 30.755660430496327
0.0 4.849637187997912 5.849637187997911
0.5601451248008357 4.849637187997912 6.163399748830974
1.1202902496016713 4.849637187997912 7.104687431345708
1.56840634944234 4.849637187997912 8.309535664970657
2.0165224492830083 4.849637187997912 9.915999976454096
2.375015329155543 4.849637187997912 11.490335001721274
2.733508209028078 4.849637187997912 13.32170431682159
3.020302512926106 4.849637187997912 14.971864457585195
3.307096816824134 4.849637187997912 16.786526543846637
3.5365322599425566 4.849637187997912 18.356697613612216
3.765967703060979 4.849637187997912 20.032149928496015
3.949516057555717 4.849637187997912 21.4483142768881
4.133064412050455 4.849637187997912 22.931858622155033
4.279903095646246 4.849637187997912 24.16720769611933
4.426741779242036 4.849637187997912 25.44567996808396
4.544212726118668 4.849637187997912 26.499506488215886
4.6616836729953 4.849637187997912 27.5809318550682
4.755660430496606 4.849637187997912 28.465943318188383
4.849637187997912 4.849637187997912 29.368618043209725
4.924818593998956 4.849637187997912 30.10347537179554
5.0 4.849637187997912 30.849637187997338
0.0 4.924818593998957 5.924818593998957
0.5601451248008357 4.924818593998956 6.238581154834901
1.1202902496016713 4.924818593998957 7.17986883734789
1.56840634944234 4.924818593998956 8.38471707097103
2.0165224492830083 4.924818593998957 9.99118138245775
2.375015329155543 4.924818593998956 11.565516407722514
2.733508209028078 4.924818593998957 13.396885722822661
3.020302512926106 4.924818593998956 15.047045863586488
3.307096816824134 4.924818593998957 16.861707949847307
3.5365322599425566 4.924818593998956 18.431879019613238
3.765967703060979 4.924818593998957 20.107331334496937
3.949516057555717 4.924818593998956 21.52349568288939
4.133064412050455 4.924818593998957 23.00704002815629
4.279903095646246 4.924818593998956 24.242389102120764
4.426741779242036 4.924818593998957 25.520861374085257
4.544212726118668 4.924818593998956 26.574687894217202
4.6616836729953 4.924818593998957 27.65611326106927
4.755660430496606 4.924818593998956 28.54112472418962
4.849637187997912 4.924818593998957 29.44379944921077
4.924818593998956 4.924818593998956 30.17865677779684
5.0 4.924818593998957 30.92481859399988
0.0 5.000000000000001 6.0000000000000036
0.5601451248008357 5.000000000000001 6.313762560838145
1.1202902496016713 5.000000000000001 7.255050243352577
1.56840634944234 5.000000000000001 8.459898476971047
2.0165224492830083 5.000000000000001 10.066362788462344
2.375015329155543 5.000000000000001 11.640697813723815
2.733508209028078 5.000000000000001 13.47206712882389
3.020302512926106 5.000000000000001 15.122227269587748
3.307096816824134 5.000000000000001 16.936889355848315
3.5365322599425566 5.000000000000001 18.507060425614398
3.765967703060979 5.000000000000001 20.182512740498392
3.949516057555717 5.000000000000001 21.59867708889045
4.133064412050455 5.000000000000001 23.08222143415798
4.279903095646246 5.000000000000001 24.317570508122316
4.426741779242036 5.000000000000001 25.596042780086943
4.544212726118668 5.000000000000001 26.649869300218867
4.6616836729953 5.000000000000001 27.73129466707094
4.755660430496606 5.000000000000001 28.616306130191173
4.849637187997912 5.000000000000001 29.518980855212284
4.924818593998956 5.000000000000001 30.253838183797853
5.0 5.000000000000001 31.000000000000004
